00000 10000 01000 00000 10000 00000 0 000 0
00000 00000 00010 00000 00000 00000 1 100 0
00001 00000 00100 00000 00000 00101 0 010 1
00000 00100 00000 00000 00100 00000 0 000 0
11111 11111 11111 11111 11111 11111 1 111 1
00000 00000 00000 00000 00000 00000 0 000 0
0
10000 00000 00000 00100 00000 00000 0 000 0
0
10000 00000 00000 00010 00000 00000 0 000 0
0
10000 00000 00000 00001 00000 00000 0 000 0
0
01000 00000 00000 01000 00000 00000 0 000 0
0
00000 00000 00000 00000 00000 00000 0 000 0
0
01000 00000 00000 00010 00000 00000 0 000 0
0
01000 00000 00000 00001 00000 00000 0 000 0
0
00100 00000 00000 01000 00000 00000 0 000 0
0
00100 00000 00000 00100 00000 00000 0 000 0
0
00000 00000 00000 00000 00000 00000 0 000 0
0
00100 00000 00000 00001 00000 00000 0 000 0
0
00010 00000 00000 01000 00000 00000 0 000 0
0
00010 00000 00000 00100 00000 00000 0 000 0
0
00010 00000 00000 00010 00000 00000 0 000 0
0
00000 00000 00000 00000 00000 00000 0 000 0
0
10000 00000 00000 00000 00001 00000 0 000 0
0
01000 00000 00000 00000 00001 00000 0 000 0
0
00100 00000 00000 00000 00001 00000 0 000 0
0
00010 00000 00000 00000 00001 00000 0 000 0
0
00000 11000 00000 01000 00000 00000 0 000 0
00000 00000 00010 00000 00000 00000 1 100 0
00000 00010 00000 00000 00000 00010 0 001 0
0
00000 10000 00000 01000 00000 00000 0 000 0
00000 01000 00010 00100 00000 00000 1 100 0
00000 00000 00010 00000 00000 00010 0 001 0
0
00000 10000 00000 01000 00000 00000 0 000 0
00000 01000 00010 00010 00000 00000 1 100 0
00000 00000 00010 00000 00000 00010 0 001 0
0
00000 10000 00000 01000 00000 00000 0 000 0
00000 01000 00010 00001 00000 00000 1 100 0
00000 00000 00010 00000 00000 00010 0 001 0
0
00000 10000 00000 00100 00000 00000 0 000 0
00000 01000 00010 01000 00000 00000 1 100 0
00000 00000 00010 00000 00000 00010 0 001 0
0
00000 11000 00000 00100 00000 00000 0 000 0
00000 00000 00010 00000 00000 00000 1 100 0
00000 00010 00000 00000 00000 00010 0 001 0
0
00000 10000 00000 00100 00000 00000 0 000 0
00000 01000 00010 00010 00000 00000 1 100 0
00000 00000 00010 00000 00000 00010 0 001 0
0
00000 10000 00000 00100 00000 00000 0 000 0
00000 01000 00010 00000 00000 00000 1 100 0
00000 00000 00010 00000 00000 00010 0 001 0
0
00000 10000 00000 00010 00000 00000 0 000 0
00000 01000 00010 01000 00000 00000 1 100 0
00000 00000 00010 00000 00000 00010 0 001 0
0
00000 10000 00000 00010 00000 00000 0 000 0
00000 01000 00010 00100 00000 00000 1 100 0
00000 00000 00010 00000 00000 00010 0 001 0
0
00000 11000 00000 00010 00000 00000 0 000 0
00000 00000 00010 00000 00000 00000 1 100 0
00000 00010 00000 00000 00000 00010 0 001 0
0
00000 10000 00000 00010 00000 00000 0 000 0
00000 01000 00010 00001 00000 00000 1 100 0
00000 00000 00010 00000 00000 00010 0 001 0
0
00000 10000 00000 00001 00000 00000 0 000 0
00000 01000 00010 01000 00000 00000 1 100 0
00000 00000 00010 00000 00000 00010 0 001 0
0
00000 10000 00000 00001 00000 00000 0 000 0
00000 01000 00010 00100 00000 00000 1 100 0
00000 00000 00010 00000 00000 00010 0 001 0
0
00000 10000 00000 00001 00000 00000 0 000 0
00000 01000 00010 00010 00000 00000 1 100 0
00000 00000 00010 00000 00000 00010 0 001 0
0
00000 11000 00000 00001 00000 00000 0 000 0
00000 00000 00010 00000 00000 00000 1 100 0
00000 00010 00000 00000 00000 00010 0 001 0
0
00000 10000 00000 01000 00000 00000 0 000 0
00000 01000 00010 00000 00001 00000 1 100 0
00000 00000 00010 00000 00000 00010 0 001 0
0
00000 10000 00000 00100 00000 00000 0 000 0
00000 01000 00010 00000 00001 00000 1 100 0
00000 00000 00010 00000 00000 00010 0 001 0
0
00000 10000 00000 00010 00000 00000 0 000 0
00000 01000 00010 00000 00001 00000 1 100 0
00000 00000 00010 00000 00000 00010 0 001 0
0
00000 10000 00000 00001 00000 00000 0 000 0
00000 01000 00010 00000 00001 00000 1 100 0
00000 00000 00010 00000 00000 00010 0 001 0
0
00000 10000 00000 00000 00000 10000 0 000 0
00000 01000 00010 01000 00000 00000 1 100 0
00000 00000 00010 00000 00000 00010 0 001 0
0
00000 10000 00000 00000 00000 10000 0 000 0
00000 01000 00010 00100 00000 00000 1 100 0
00000 00000 00010 00000 00000 00010 0 001 0
0
00000 10000 00000 00000 00000 10000 0 000 0
00000 01000 00010 00010 00000 00000 1 100 0
00000 00000 00010 00000 00000 00010 0 001 0
0
00000 10000 00000 00000 00000 10000 0 000 0
00000 01000 00010 00001 00000 00000 1 100 0
00000 00000 00010 00000 00000 00010 0 001 0
0
00000 10000 00000 00000 00000 10000 0 000 0
00000 01000 00010 00000 00001 00000 1 100 0
00000 00000 00010 00000 00000 00010 0 001 0
0
00000 10000 00000 00000 00001 00000 0 000 0
00000 00000 00010 00000 00000 00000 1 100 0
00000 00000 00100 00000 00000 00001 0 010 0
10000 00000 00000 00000 00100 00000 0 000 0
0
00000 10000 00000 00000 00001 00000 0 000 0
00000 00000 00010 00000 00000 00000 1 100 0
00000 00000 00100 00000 00000 00001 0 010 0
01000 00000 00000 00000 00100 00000 0 000 0
0
00000 10000 00000 00000 00001 00000 0 000 0
00000 00000 00010 00000 00000 00000 1 100 0
00000 00000 00100 00000 00000 00001 0 010 0
00100 00000 00000 00000 00100 00000 0 000 0
0
00000 10000 00000 00000 00001 00000 0 000 0
00000 00000 00010 00000 00000 00000 1 100 0
00000 00000 00100 00000 00000 00001 0 010 0
00010 00000 00000 00000 00100 00000 0 000 0
0
00000 10000 00000 01000 00000 00000 0 000 0
00000 00000 00010 00000 00000 00000 1 100 0
00000 00000 00100 00000 00000 00001 0 010 0
10000 00000 00000 00000 00100 00000 0 000 0
0
00000 10000 00000 00100 00000 00000 0 000 0
00000 00000 00010 00000 00000 00000 1 100 0
00000 00000 00100 00000 00000 00001 0 010 0
10000 00000 00000 00000 00100 00000 0 000 0
0
00000 10000 00000 00010 00000 00000 0 000 0
00000 00000 00010 00000 00000 00000 1 100 0 
00000 00000 00100 00000 00000 00001 0 010 0
10000 00000 00000 00000 00100 00000 0 000 0
0
00000 10000 00000 00001 00000 00000 0 000 0
00000 00000 00010 00000 00000 00000 1 100 0
00000 00000 00100 00000 00000 00001 0 010 0
10000 00000 00000 00000 00100 00000 0 000 0
0
00000 10000 00000 01000 00000 00000 0 000 0
00000 00000 00010 00000 00000 00000 1 100 0
00000 00000 00100 00000 00000 00001 0 010 0
01000 00000 00000 00000 00100 00000 0 000 0
0
00000 10000 00000 00100 00000 00000 0 000 0
00000 00000 00010 00000 00000 00000 1 100 0
00000 00000 00100 00000 00000 00001 0 010 0
01000 00000 00000 00000 00100 00000 0 000 0
0
00000 10000 00000 00010 00000 00000 0 000 0
00000 00000 00010 00000 00000 00000 1 100 0
00000 00000 00100 00000 00000 00001 0 010 0
01000 00000 00000 00000 00100 00000 0 000 0
0
00000 10000 00000 00001 00000 00000 0 000 0
00000 00000 00010 00000 00000 00000 1 100 0
00000 00000 00100 00000 00000 00001 0 010 0
01000 00000 00000 00000 00100 00000 0 000 0
0
00000 10000 00000 01000 00000 00000 0 000 0
00000 00000 00010 00000 00000 00000 1 100 0
00000 00000 00100 00000 00000 00001 0 010 0
00100 00000 00000 00000 00100 00000 0 000 0
0
00000 10000 00000 00100 00000 00000 0 000 0
00000 00000 00010 00000 00000 00000 1 100 0
00000 00000 00100 00000 00000 00001 0 010 0
00100 00000 00000 00000 00100 00000 0 000 0
0
00000 10000 00000 00010 00000 00000 0 000 0
00000 00000 00010 00000 00000 00000 1 100 0
00000 00000 00100 00000 00000 00001 0 010 0
00100 00000 00000 00000 00100 00000 0 000 0
0
00000 10000 00000 00001 00000 00000 0 000 0
00000 00000 00010 00000 00000 00000 1 100 0
00000 00000 00100 00000 00000 00001 0 010 0
00100 00000 00000 00000 00100 00000 0 000 0
0
00000 10000 00000 01000 00000 00000 0 000 0
00000 00000 00010 00000 00000 00000 1 100 0
00000 00000 00100 00000 00000 00001 0 010 0
00010 00000 00000 00000 00100 00000 0 000 0
0
00000 10000 00000 00100 00000 00000 0 000 0
00000 00000 00010 00000 00000 00000 1 100 0
00000 00000 00100 00000 00000 00001 0 010 0
00010 00000 00000 00000 00100 00000 0 000 0
0
00000 10000 00000 00010 00000 00000 0 000 0
00000 00000 00010 00000 00000 00000 1 100 0
00000 00000 00100 00000 00000 00001 0 010 0
00010 00000 00000 00000 00100 00000 0 000 0
0
00000 10000 00000 00001 00000 00000 0 000 0
00000 00000 00010 00000 00000 00000 1 100 0
00000 00000 00100 00000 00000 00001 0 010 0
00010 00000 00000 00000 00100 00000 0 000 0
0
00000 00000 11000 01000 00000 00000 0 000 0
10000 00000 00000 00000 00000 00100 0 000 1
0
00000 00000 10000 01000 00000 00000 0 000 0
00000 00000 01000 00100 00000 00000 0 000 0
10000 00000 00000 00000 00000 00100 0 000 1
0
00000 00000 10000 01000 00000 00000 0 000 0
00000 00000 01000 00010 00000 00000 0 000 0
10000 00000 00000 00000 00000 00100 0 000 1
0
00000 00000 10000 01000 00000 00000 0 000 0
00000 00000 01000 00001 00000 00000 0 000 0
10000 00000 00000 00000 00000 00100 0 000 1
0
00000 00000 10000 00100 00000 00000 0 000 0
00000 00000 01000 01000 00000 00000 0 000 0
01000 00000 00000 00000 00000 00100 0 000 1
0
00000 00000 11000 00100 00000 00000 0 000 0
01000 00000 00000 00000 00000 00100 0 000 1
0
00000 00000 10000 00100 00000 00000 0 000 0
00000 00000 01000 00010 00000 00000 0 000 0
01000 00000 00000 00000 00000 00100 0 000 1
0
00000 00000 10000 00100 00000 00000 0 000 0
00000 00000 01000 00001 00000 00000 0 000 0
01000 00000 00000 00000 00000 00100 0 000 1
0
00000 00000 10000 00010 00000 00000 0 000 0
00000 00000 01000 01000 00000 00000 0 000 0
00100 00000 00000 00000 00000 00100 0 000 1
0
00000 00000 10000 00010 00000 00000 0 000 0
00000 00000 01000 00100 00000 00000 0 000 0
00100 00000 00000 00000 00000 00100 0 000 1
0
00000 00000 11000 00010 00000 00000 0 000 0
00100 00000 00000 00000 00000 00100 0 000 1
0
00000 00000 10000 00010 00000 00000 0 000 0
00000 00000 01000 00001 00000 00000 0 000 0
00100 00000 00000 00000 00000 00100 0 000 1
0
00000 00000 10000 00001 00000 00000 0 000 0
00000 00000 01000 01000 00000 00000 0 000 0
00010 00000 00000 00000 00000 00100 0 000 1
0
00000 00000 10000 00001 00000 00000 0 000 0
00000 00000 01000 00100 00000 00000 0 000 0
00010 00000 00000 00000 00000 00100 0 000 1
0
00000 00000 10000 00001 00000 00000 0 000 0
00000 00000 01000 00010 00000 00000 0 000 0
00010 00000 00000 00000 00000 00100 0 000 1
0
00000 00000 11000 00001 00000 00000 0 000 0
00010 00000 00000 00000 00000 00100 0 000 1
0
00000 00000 10000 01000 00000 00000 0 000 0
00000 00000 01000 00000 00001 00000 0 000 0
10000 00000 00000 00000 00000 00100 0 000 1
0
00000 00000 10000 00100 00000 00000 0 000 0
00000 00000 01000 00000 00001 00000 0 000 0
01000 00000 00000 00000 00000 00100 0 000 1
0
00000 00000 10000 00010 00000 00000 0 000 0
00000 00000 01000 00000 00001 00000 0 000 0
00100 00000 00000 00000 00000 00100 0 000 1
0
00000 00000 10000 00001 00000 00000 0 000 0
00000 00000 01000 00000 00001 00000 0 000 0
00010 00000 00000 00000 00000 00100 0 000 1
0
00000 00000 11000 01000 00000 00000 0 000 0
10000 00000 00000 00000 00000 00100 0 000 1
0
00000 00000 10000 01000 00000 00000 0 000 0
00000 00000 01000 00100 00000 00000 0 000 0
10000 00000 00000 00000 00000 00100 0 000 1
0
00000 00000 10000 01000 00000 00000 0 000 0
00000 00000 01000 00010 00000 00000 0 000 0
10000 00000 00000 00000 00000 00100 0 000 1
0
00000 00000 10000 01000 00000 00000 0 000 0
00000 00000 01000 00001 00000 00000 0 000 0
10000 00000 00000 00000 00000 00100 0 000 1
0
00000 00000 10000 00100 00000 00000 0 000 0
00000 00000 01000 01000 00000 00000 0 000 0
01000 00000 00000 00000 00000 00100 0 000 1
0
00000 00000 11000 00100 00000 00000 0 000 0
01000 00000 00000 00000 00000 00100 0 000 1
0
00000 00000 10000 00100 00000 00000 0 000 0
00000 00000 01000 00010 00000 00000 0 000 0
01000 00000 00000 00000 00000 00100 0 000 1
0
00000 00000 10000 00100 00000 00000 0 000 0
00000 00000 01000 00001 00000 00000 0 000 0
01000 00000 00000 00000 00000 00100 0 000 1
0
00000 00000 10000 00010 00000 00000 0 000 0
00000 00000 01000 01000 00000 00000 0 000 0
00100 00000 00000 00000 00000 00100 0 000 1
0
00000 00000 10000 00010 00000 00000 0 000 0
00000 00000 01000 00100 00000 00000 0 000 0
00100 00000 00000 00000 00000 00100 0 000 1
0
00000 00000 11000 00010 00000 00000 0 000 0
00100 00000 00000 00000 00000 00100 0 000 1
0
00000 00000 10000 00010 00000 00000 0 000 0
00000 00000 01000 00001 00000 00000 0 000 0
00100 00000 00000 00000 00000 00100 0 000 1
0
00000 00000 10000 00001 00000 00000 0 000 0
00000 00000 01000 01000 00000 00000 0 000 0
00010 00000 00000 00000 00000 00100 0 000 1
0
00000 00000 10000 00001 00000 00000 0 000 0
00000 00000 01000 00100 00000 00000 0 000 0
00010 00000 00000 00000 00000 00100 0 000 1
0
00000 00000 10000 00001 00000 00000 0 000 0
00000 00000 01000 00010 00000 00000 0 000 0
00010 00000 00000 00000 00000 00100 0 000 1
0
00000 00000 11000 00001 00000 00000 0 000 0
00010 00000 00000 00000 00000 00100 0 000 1
0
00000 00000 10000 01000 00000 00000 0 000 0
00000 00000 01000 00000 00001 00000 0 000 0
10000 00000 00000 00000 00000 00100 0 000 1
0
00000 00000 10000 00100 00000 00000 0 000 0
00000 00000 01000 00000 00001 00000 0 000 0
01000 00000 00000 00000 00000 00100 0 000 1
0
00000 00000 10000 00010 00000 00000 0 000 0
00000 00000 01000 00000 00001 00000 0 000 0
00100 00000 00000 00000 00000 00100 0 000 1
0
00000 00000 10000 00001 00000 00000 0 000 0
00000 00000 01000 00000 00001 00000 0 000 0
00010 00000 00000 00000 00000 00100 0 000 1
0
00000 00000 11000 01000 00000 00000 0 000 0
10000 00000 00000 00000 00000 00100 0 000 1
0
00000 00000 10000 01000 00000 00000 0 000 0
00000 00000 01000 00100 00000 00000 0 000 0
10000 00000 00000 00000 00000 00100 0 000 1
0
00000 00000 10000 01000 00000 00000 0 000 0
00000 00000 01000 00010 00000 00000 0 000 0
10000 00000 00000 00000 00000 00100 0 000 1
0
00000 00000 10000 01000 00000 00000 0 000 0
00000 00000 01000 00001 00000 00000 0 000 0
10000 00000 00000 00000 00000 00100 0 000 1
0
00000 00000 10000 00100 00000 00000 0 000 0
00000 00000 01000 01000 00000 00000 0 000 0
01000 00000 00000 00000 00000 00100 0 000 1
0
00000 00000 11000 00100 00000 00000 0 000 0
01000 00000 00000 00000 00000 00100 0 000 1
0
00000 00000 10000 00100 00000 00000 0 000 0
00000 00000 01000 00010 00000 00000 0 000 0
01000 00000 00000 00000 00000 00100 0 000 1
0
00000 00000 10000 00100 00000 00000 0 000 0
00000 00000 01000 00001 00000 00000 0 000 0
01000 00000 00000 00000 00000 00100 0 000 1
0
00000 00000 10000 00010 00000 00000 0 000 0
00000 00000 01000 01000 00000 00000 0 000 0
00100 00000 00000 00000 00000 00100 0 000 1
0
00000 00000 10000 00010 00000 00000 0 000 0
00000 00000 01000 00100 00000 00000 0 000 0
00100 00000 00000 00000 00000 00100 0 000 1
0
00000 00000 11000 00010 00000 00000 0 000 0
00100 00000 00000 00000 00000 00100 0 000 1
0
00000 00000 10000 00010 00000 00000 0 000 0
00000 00000 01000 00001 00000 00000 0 000 0
00100 00000 00000 00000 00000 00100 0 000 1
0
00000 00000 10000 00001 00000 00000 0 000 0
00000 00000 01000 01000 00000 00000 0 000 0
00010 00000 00000 00000 00000 00100 0 000 1
0
00000 00000 10000 00001 00000 00000 0 000 0
00000 00000 01000 00100 00000 00000 0 000 0
00010 00000 00000 00000 00000 00100 0 000 1
0
00000 00000 10000 00001 00000 00000 0 000 0
00000 00000 01000 00010 00000 00000 0 000 0
00010 00000 00000 00000 00000 00100 0 000 1
0
00000 00000 11000 00001 00000 00000 0 000 0
00010 00000 00000 00000 00000 00100 0 000 1
0
00000 00000 10000 01000 00000 00000 0 000 0
00000 00000 01000 00000 00001 00000 0 000 0
10000 00000 00000 00000 00000 00100 0 000 1
0
00000 00000 10000 00100 00000 00000 0 000 0
00000 00000 01000 00000 00001 00000 0 000 0
01000 00000 00000 00000 00000 00100 0 000 1
0
00000 00000 10000 00010 00000 00000 0 000 0
00000 00000 01000 00000 00001 00000 0 000 0
00100 00000 00000 00000 00000 00100 0 000 1
0
00000 00000 10000 00001 00000 00000 0 000 0
00000 00000 01000 00000 00001 00000 0 000 0
00010 00000 00000 00000 00000 00100 0 000 1
0
00000 00000 11000 01000 00000 00000 0 000 0
10000 00000 00000 00000 00000 00100 0 000 1
0
00000 00000 10000 01000 00000 00000 0 000 0
00000 00000 01000 00100 00000 00000 0 000 0
10000 00000 00000 00000 00000 00100 0 000 1
0
00000 00000 10000 01000 00000 00000 0 000 0
00000 00000 01000 00010 00000 00000 0 000 0
10000 00000 00000 00000 00000 00100 0 000 1
0
00000 00000 10000 01000 00000 00000 0 000 0
00000 00000 01000 00001 00000 00000 0 000 0
10000 00000 00000 00000 00000 00100 0 000 1
0
00000 00000 10000 00100 00000 00000 0 000 0
00000 00000 01000 01000 00000 00000 0 000 0
01000 00000 00000 00000 00000 00100 0 000 1
0
00000 00000 11000 00100 00000 00000 0 000 0
01000 00000 00000 00000 00000 00100 0 000 1
0
00000 00000 10000 00100 00000 00000 0 000 0
00000 00000 01000 00010 00000 00000 0 000 0
01000 00000 00000 00000 00000 00100 0 000 1
0
00000 00000 10000 00100 00000 00000 0 000 0
00000 00000 01000 00001 00000 00000 0 000 0
01000 00000 00000 00000 00000 00100 0 000 1
0
00000 00000 10000 00010 00000 00000 0 000 0
00000 00000 01000 01000 00000 00000 0 000 0
00100 00000 00000 00000 00000 00100 0 000 1
0
00000 00000 10000 00010 00000 00000 0 000 0
00000 00000 01000 00100 00000 00000 0 000 0
00100 00000 00000 00000 00000 00100 0 000 1
0
00000 00000 11000 00010 00000 00000 0 000 0
00100 00000 00000 00000 00000 00100 0 000 1
0
00000 00000 10000 00010 00000 00000 0 000 0
00000 00000 01000 00001 00000 00000 0 000 0
00100 00000 00000 00000 00000 00100 0 000 1
0
00000 00000 10000 00001 00000 00000 0 000 0
00000 00000 01000 01000 00000 00000 0 000 0
00010 00000 00000 00000 00000 00100 0 000 1
0
00000 00000 10000 00001 00000 00000 0 000 0
00000 00000 01000 00100 00000 00000 0 000 0
00010 00000 00000 00000 00000 00100 0 000 1
0
00000 00000 10000 00001 00000 00000 0 000 0
00000 00000 01000 00010 00000 00000 0 000 0
00010 00000 00000 00000 00000 00100 0 000 1
0
00000 00000 11000 00001 00000 00000 0 000 0
00010 00000 00000 00000 00000 00100 0 000 1
0
00000 00000 10000 01000 00000 00000 0 000 0
00000 00000 01000 00000 00001 00000 0 000 0
10000 00000 00000 00000 00000 00100 0 000 1
0
00000 00000 10000 00100 00000 00000 0 000 0
00000 00000 01000 00000 00001 00000 0 000 0
01000 00000 00000 00000 00000 00100 0 000 1
0
00000 00000 10000 00010 00000 00000 0 000 0
00000 00000 01000 00000 00001 00000 0 000 0
00100 00000 00000 00000 00000 00100 0 000 1
0
00000 00000 10000 00001 00000 00000 0 000 0
00000 00000 01000 00000 00001 00000 0 000 0
00010 00000 00000 00000 00000 00100 0 000 1
0
00000 00000 11000 01000 00000 00000 0 000 0
10000 00000 00000 00000 00000 00100 0 000 1
0
00000 00000 10000 01000 00000 00000 0 000 0
00000 00000 01000 00100 00000 00000 0 000 0
10000 00000 00000 00000 00000 00100 0 000 1
0
00000 00000 10000 01000 00000 00000 0 000 0
00000 00000 01000 00010 00000 00000 0 000 0
10000 00000 00000 00000 00000 00100 0 000 1
0
00000 00000 10000 01000 00000 00000 0 000 0
00000 00000 01000 00001 00000 00000 0 000 0
10000 00000 00000 00000 00000 00100 0 000 1
0
00000 00000 10000 00100 00000 00000 0 000 0
00000 00000 01000 01000 00000 00000 0 000 0
01000 00000 00000 00000 00000 00100 0 000 1
0
00000 00000 11000 00100 00000 00000 0 000 0
01000 00000 00000 00000 00000 00100 0 000 1
0
00000 00000 10000 00100 00000 00000 0 000 0
00000 00000 01000 00010 00000 00000 0 000 0
01000 00000 00000 00000 00000 00100 0 000 1
0
00000 00000 10000 00100 00000 00000 0 000 0
00000 00000 01000 00001 00000 00000 0 000 0
01000 00000 00000 00000 00000 00100 0 000 1
0
00000 00000 10000 00010 00000 00000 0 000 0
00000 00000 01000 01000 00000 00000 0 000 0
00100 00000 00000 00000 00000 00100 0 000 1
0
00000 00000 10000 00010 00000 00000 0 000 0
00000 00000 01000 00100 00000 00000 0 000 0
00100 00000 00000 00000 00000 00100 0 000 1
0
00000 00000 11000 00010 00000 00000 0 000 0
00100 00000 00000 00000 00000 00100 0 000 1
0
00000 00000 10000 00010 00000 00000 0 000 0
00000 00000 01000 00001 00000 00000 0 000 0
00100 00000 00000 00000 00000 00100 0 000 1
0
00000 00000 10000 00001 00000 00000 0 000 0
00000 00000 01000 01000 00000 00000 0 000 0
00010 00000 00000 00000 00000 00100 0 000 1
0
00000 00000 10000 00001 00000 00000 0 000 0
00000 00000 01000 00100 00000 00000 0 000 0
00010 00000 00000 00000 00000 00100 0 000 1
0
00000 00000 10000 00001 00000 00000 0 000 0
00000 00000 01000 00010 00000 00000 0 000 0
00010 00000 00000 00000 00000 00100 0 000 1
0
00000 00000 11000 00001 00000 00000 0 000 0
00010 00000 00000 00000 00000 00100 0 000 1
0
00000 00000 10000 01000 00000 00000 0 000 0
00000 00000 01000 00000 00001 00000 0 000 0
10000 00000 00000 00000 00000 00100 0 000 1
0
00000 00000 10000 00100 00000 00000 0 000 0
00000 00000 01000 00000 00001 00000 0 000 0
01000 00000 00000 00000 00000 00100 0 000 1
0
00000 00000 10000 00010 00000 00000 0 000 0
00000 00000 01000 00000 00001 00000 0 000 0
00100 00000 00000 00000 00000 00100 0 000 1
0
00000 00000 10000 00001 00000 00000 0 000 0
00000 00000 01000 00000 00001 00000 0 000 0
00010 00000 00000 00000 00000 00100 0 000 1
0
00000 00000 11000 01000 00000 00000 0 000 0
00000 00000 00000 00000 00000 00000 0 000 1
0
00000 00000 10000 01000 00000 00000 0 000 0
00000 00000 01000 00100 00000 00000 0 000 0
00000 00000 00000 00000 00000 00000 0 000 1
0
00000 00000 10000 01000 00000 00000 0 000 0
00000 00000 01000 00010 00000 00000 0 000 0
00000 00000 00000 00000 00000 00000 0 000 1
0
00000 00000 10000 01000 00000 00000 0 000 0
00000 00000 01000 00001 00000 00000 0 000 0
00000 00000 00000 00000 00000 00000 0 000 1
0
00000 00000 10000 00100 00000 00000 0 000 0
00000 00000 01000 01000 00000 00000 0 000 0
00000 00000 00000 00000 00000 00000 0 000 1
0
00000 00000 11000 00100 00000 00000 0 000 0
00000 00000 00000 00000 00000 00000 0 000 1
0
00000 00000 10000 00100 00000 00000 0 000 0
00000 00000 01000 00010 00000 00000 0 000 0
00000 00000 00000 00000 00000 00000 0 000 1
0
00000 00000 10000 00100 00000 00000 0 000 0
00000 00000 01000 00001 00000 00000 0 000 0
00000 00000 00000 00000 00000 00000 0 000 1
0
00000 00000 10000 00010 00000 00000 0 000 0
00000 00000 01000 01000 00000 00000 0 000 0
00000 00000 00000 00000 00000 00000 0 000 1
0
00000 00000 10000 00010 00000 00000 0 000 0
00000 00000 01000 00100 00000 00000 0 000 0
00000 00000 00000 00000 00000 00000 0 000 1
0
00000 00000 11000 00010 00000 00000 0 000 0
00000 00000 00000 00000 00000 00000 0 000 1
0
00000 00000 10000 00010 00000 00000 0 000 0
00000 00000 01000 00001 00000 00000 0 000 0
00000 00000 00000 00000 00000 00000 0 000 1
0
00000 00000 10000 00001 00000 00000 0 000 0
00000 00000 01000 01000 00000 00000 0 000 0
00000 00000 00000 00000 00000 00000 0 000 1
0
00000 00000 10000 00001 00000 00000 0 000 0
00000 00000 01000 00100 00000 00000 0 000 0
00000 00000 00000 00000 00000 00000 0 000 1
0
00000 00000 10000 00001 00000 00000 0 000 0
00000 00000 01000 00010 00000 00000 0 000 0
00000 00000 00000 00000 00000 00000 0 000 1
0
00000 00000 11000 00001 00000 00000 0 000 0
00000 00000 00000 00000 00000 00000 0 000 1
0
00000 00000 10000 01000 00000 00000 0 000 0
00000 00000 01000 00000 00001 00000 0 000 0
00000 00000 00000 00000 00000 00000 0 000 1
0
00000 00000 10000 00100 00000 00000 0 000 0
00000 00000 01000 00000 00001 00000 0 000 0
00000 00000 00000 00000 00000 00000 0 000 1
0
00000 00000 10000 00010 00000 00000 0 000 0
00000 00000 01000 00000 00001 00000 0 000 0
00000 00000 00000 00000 00000 00000 0 000 1
0
00000 00000 10000 00001 00000 00000 0 000 0
00000 00000 01000 00000 00001 00000 0 000 0
00000 00000 00000 00000 00000 00000 0 000 1
0
00001 00000 00000 00000 00000 10000 0 000 0
0
00001 00000 00000 00000 00000 10000 0 000 0
0
00001 00000 00000 00000 00000 10000 0 000 0
0
00001 00000 00000 00000 00000 10000 0 000 0
0
00001 00000 00000 00000 00000 10000 0 000 0
0
00001 00000 00000 00000 00000 10000 0 000 0
0
00001 00000 00000 00000 00000 10000 0 000 0
0