00000 00000 00000 00000 00000 00000 0 000
0
10000 00000 00000 00100 00000 00000 0 000
0
10000 00000 00000 00010 00000 00000 0 000
0
10000 00000 00000 00001 00000 00000 0 000
0
01000 00000 00000 01000 00000 00000 0 000
0
00000 00000 00000 00000 00000 00000 0 000
0
01000 00000 00000 00010 00000 00000 0 000
0
01000 00000 00000 00001 00000 00000 0 000
0
00100 00000 00000 01000 00000 00000 0 000
0
00100 00000 00000 00100 00000 00000 0 000
0
00000 00000 00000 00000 00000 00000 0 000
0
00100 00000 00000 00001 00000 00000 0 000
0
00010 00000 00000 01000 00000 00000 0 000
0
00010 00000 00000 00100 00000 00000 0 000
0
00010 00000 00000 00010 00000 00000 0 000
0
00000 00000 00000 00000 00000 00000 0 000
0
10000 00000 00000 00000 00001 00000 0 000
0
01000 00000 00000 00000 00001 00000 0 000
0
00100 00000 00000 00000 00001 00000 0 000
0
00010 00000 00000 00000 00001 00000 0 000
0
00000 11000 00000 01000 00000 00000 0 000
00000 00000 00010 00000 00000 00000 1 100
00000 00010 00000 00000 00000 00010 0 001
0
00000 10000 00000 01000 00000 00000 0 000
00000 01000 00010 00100 00000 00000 1 100
00000 00000 00010 00000 00000 00010 0 001
0
00000 10000 00000 01000 00000 00000 0 000
00000 01000 00010 00010 00000 00000 1 100
00000 00000 00010 00000 00000 00010 0 001
0
00000 10000 00000 01000 00000 00000 0 000
00000 01000 00010 00001 00000 00000 1 100
00000 00000 00010 00000 00000 00010 0 001
0
00000 10000 00000 00100 00000 00000 0 000
00000 01000 00010 01000 00000 00000 1 100
00000 00000 00010 00000 00000 00010 0 001
0
00000 11000 00000 00100 00000 00000 0 000
00000 00000 00010 00000 00000 00000 1 100
00000 00010 00000 00000 00000 00010 0 001
0
00000 10000 00000 00100 00000 00000 0 000
00000 01000 00010 00010 00000 00000 1 100
00000 00000 00010 00000 00000 00010 0 001
0
00000 10000 00000 00100 00000 00000 0 000
00000 01000 00010 00000 00000 00000 1 100
00000 00000 00010 00000 00000 00010 0 001
0
00000 10000 00000 00010 00000 00000 0 000
00000 01000 00010 01000 00000 00000 1 100
00000 00000 00010 00000 00000 00010 0 001
0
00000 10000 00000 00010 00000 00000 0 000
00000 01000 00010 00100 00000 00000 1 100
00000 00000 00010 00000 00000 00010 0 001
0
00000 11000 00000 00010 00000 00000 0 000
00000 00000 00010 00000 00000 00000 1 100
00000 00010 00000 00000 00000 00010 0 001
0
00000 10000 00000 00010 00000 00000 0 000
00000 01000 00010 00001 00000 00000 1 100
00000 00000 00010 00000 00000 00010 0 001
0
00000 10000 00000 00001 00000 00000 0 000
00000 01000 00010 01000 00000 00000 1 100
00000 00000 00010 00000 00000 00010 0 001
0
00000 10000 00000 00001 00000 00000 0 000
00000 01000 00010 00100 00000 00000 1 100
00000 00000 00010 00000 00000 00010 0 001
0
00000 10000 00000 00001 00000 00000 0 000
00000 01000 00010 00010 00000 00000 1 100
00000 00000 00010 00000 00000 00010 0 001
0
00000 11000 00000 00001 00000 00000 0 000
00000 00000 00010 00000 00000 00000 1 100
00000 00010 00000 00000 00000 00010 0 001
0
00000 10000 00000 01000 00000 00000 0 000
00000 01000 00010 00000 00001 00000 1 100
00000 00000 00010 00000 00000 00010 0 001
0
00000 10000 00000 00100 00000 00000 0 000
00000 01000 00010 00000 00001 00000 1 100
00000 00000 00010 00000 00000 00010 0 001
0
00000 10000 00000 00010 00000 00000 0 000
00000 01000 00010 00000 00001 00000 1 100
00000 00000 00010 00000 00000 00010 0 001
0
00000 10000 00000 00001 00000 00000 0 000
00000 01000 00010 00000 00001 00000 1 100
00000 00000 00010 00000 00000 00010 0 001
0
00000 10000 00000 00000 00000 10000 0 000
00000 01000 00010 01000 00000 00000 1 100
00000 00000 00010 00000 00000 00010 0 001
0
00000 10000 00000 00000 00000 10000 0 000
00000 01000 00010 00100 00000 00000 1 100
00000 00000 00010 00000 00000 00010 0 001
0
00000 10000 00000 00000 00000 10000 0 000
00000 01000 00010 00010 00000 00000 1 100
00000 00000 00010 00000 00000 00010 0 001
0
00000 10000 00000 00000 00000 10000 0 000
00000 01000 00010 00001 00000 00000 1 100
00000 00000 00010 00000 00000 00010 0 001
0
00000 10000 00000 00000 00000 10000 0 000
00000 01000 00010 00000 00001 00000 1 100
00000 00000 00010 00000 00000 00010 0 001
0
00000 10000 00000 00000 00001 00000 0 000
00000 00000 00010 00000 00000 00000 1 100
00000 00000 00100 00000 00000 00001 0 010
10000 00000 00000 00000 00100 00000 0 000
0
00000 10000 00000 00000 00001 00000 0 000
00000 00000 00010 00000 00000 00000 1 100
00000 00000 00100 00000 00000 00001 0 010
01000 00000 00000 00000 00100 00000 0 000
0
00000 10000 00000 00000 00001 00000 0 000
00000 00000 00010 00000 00000 00000 1 100
00000 00000 00100 00000 00000 00001 0 010
00100 00000 00000 00000 00100 00000 0 000
0
00000 10000 00000 00000 00001 00000 0 000
00000 00000 00010 00000 00000 00000 1 100
00000 00000 00100 00000 00000 00001 0 010
00010 00000 00000 00000 00100 00000 0 000
0
00000 10000 00000 01000 00000 00000 0 000
00000 00000 00010 00000 00000 00000 1 100
00000 00000 00100 00000 00000 00001 0 010
10000 00000 00000 00000 00100 00000 0 000
0
00000 10000 00000 00100 00000 00000 0 000
00000 00000 00010 00000 00000 00000 1 100
00000 00000 00100 00000 00000 00001 0 010
10000 00000 00000 00000 00100 00000 0 000
0
00000 10000 00000 00010 00000 00000 0 000
00000 00000 00010 00000 00000 00000 1 100
00000 00000 00100 00000 00000 00001 0 010
10000 00000 00000 00000 00100 00000 0 000
0
00000 10000 00000 00001 00000 00000 0 000
00000 00000 00010 00000 00000 00000 1 100
00000 00000 00100 00000 00000 00001 0 010
10000 00000 00000 00000 00100 00000 0 000
0
00000 10000 00000 01000 00000 00000 0 000
00000 00000 00010 00000 00000 00000 1 100
00000 00000 00100 00000 00000 00001 0 010
01000 00000 00000 00000 00100 00000 0 000
0
00000 10000 00000 00100 00000 00000 0 000
00000 00000 00010 00000 00000 00000 1 100
00000 00000 00100 00000 00000 00001 0 010
01000 00000 00000 00000 00100 00000 0 000
0
00000 10000 00000 00010 00000 00000 0 000
00000 00000 00010 00000 00000 00000 1 100
00000 00000 00100 00000 00000 00001 0 010
01000 00000 00000 00000 00100 00000 0 000
0
00000 10000 00000 00001 00000 00000 0 000
00000 00000 00010 00000 00000 00000 1 100
00000 00000 00100 00000 00000 00001 0 010
01000 00000 00000 00000 00100 00000 0 000
0
00000 10000 00000 01000 00000 00000 0 000
00000 00000 00010 00000 00000 00000 1 100
00000 00000 00100 00000 00000 00001 0 010
00100 00000 00000 00000 00100 00000 0 000
0
00000 10000 00000 00100 00000 00000 0 000
00000 00000 00010 00000 00000 00000 1 100
00000 00000 00100 00000 00000 00001 0 010
00100 00000 00000 00000 00100 00000 0 000
0
00000 10000 00000 00010 00000 00000 0 000
00000 00000 00010 00000 00000 00000 1 100
00000 00000 00100 00000 00000 00001 0 010
00100 00000 00000 00000 00100 00000 0 000
0
00000 10000 00000 00001 00000 00000 0 000
00000 00000 00010 00000 00000 00000 1 100
00000 00000 00100 00000 00000 00001 0 010
00100 00000 00000 00000 00100 00000 0 000
0
00000 10000 00000 01000 00000 00000 0 000
00000 00000 00010 00000 00000 00000 1 100
00000 00000 00100 00000 00000 00001 0 010
00010 00000 00000 00000 00100 00000 0 000
0
00000 10000 00000 00100 00000 00000 0 000
00000 00000 00010 00000 00000 00000 1 100
00000 00000 00100 00000 00000 00001 0 010
00010 00000 00000 00000 00100 00000 0 000
0
00000 10000 00000 00010 00000 00000 0 000
00000 00000 00010 00000 00000 00000 1 100
00000 00000 00100 00000 00000 00001 0 010
00010 00000 00000 00000 00100 00000 0 000
0
00000 10000 00000 00001 00000 00000 0 000
00000 00000 00010 00000 00000 00000 1 100
00000 00000 00100 00000 00000 00001 0 010
00010 00000 00000 00000 00100 00000 0 000
0
00000 00000 11000 01000 00000 00000 0 000
10000 00000 00000 00000 00000 00100 0 000
0
00000 00000 10000 01000 00000 00000 0 000
00000 00000 01000 00100 00000 00000 0 000
10000 00000 00000 00000 00000 00100 0 000
0
00000 00000 10000 01000 00000 00000 0 000
00000 00000 01000 00010 00000 00000 0 000
10000 00000 00000 00000 00000 00100 0 000
0
00000 00000 10000 01000 00000 00000 0 000
00000 00000 01000 00001 00000 00000 0 000
10000 00000 00000 00000 00000 00100 0 000
0
00000 00000 10000 00100 00000 00000 0 000
00000 00000 01000 01000 00000 00000 0 000
01000 00000 00000 00000 00000 00100 0 000
0
00000 00000 11000 00100 00000 00000 0 000
01000 00000 00000 00000 00000 00100 0 000
0
00000 00000 10000 00100 00000 00000 0 000
00000 00000 01000 00010 00000 00000 0 000
01000 00000 00000 00000 00000 00100 0 000
0
00000 00000 10000 00100 00000 00000 0 000
00000 00000 01000 00001 00000 00000 0 000
01000 00000 00000 00000 00000 00100 0 000
0
00000 00000 10000 00010 00000 00000 0 000
00000 00000 01000 01000 00000 00000 0 000
00100 00000 00000 00000 00000 00100 0 000
0
00000 00000 10000 00010 00000 00000 0 000
00000 00000 01000 00100 00000 00000 0 000
00100 00000 00000 00000 00000 00100 0 000
0
00000 00000 11000 00010 00000 00000 0 000
00100 00000 00000 00000 00000 00100 0 000
0
00000 00000 10000 00010 00000 00000 0 000
00000 00000 01000 00001 00000 00000 0 000
00100 00000 00000 00000 00000 00100 0 000
0
00000 00000 10000 00001 00000 00000 0 000
00000 00000 01000 01000 00000 00000 0 000
00010 00000 00000 00000 00000 00100 0 000
0
00000 00000 10000 00001 00000 00000 0 000
00000 00000 01000 00100 00000 00000 0 000
00010 00000 00000 00000 00000 00100 0 000
0
00000 00000 10000 00001 00000 00000 0 000
00000 00000 01000 00010 00000 00000 0 000
00010 00000 00000 00000 00000 00100 0 000
0
00000 00000 11000 00001 00000 00000 0 000
00010 00000 00000 00000 00000 00100 0 000
0
00000 00000 10000 01000 00000 00000 0 000
00000 00000 01000 00000 00001 00000 0 000
10000 00000 00000 00000 00000 00100 0 000
0
00000 00000 10000 00100 00000 00000 0 000
00000 00000 01000 00000 00001 00000 0 000
01000 00000 00000 00000 00000 00100 0 000
0
00000 00000 10000 00010 00000 00000 0 000
00000 00000 01000 00000 00001 00000 0 000
00100 00000 00000 00000 00000 00100 0 000
0
00000 00000 10000 00001 00000 00000 0 000
00000 00000 01000 00000 00001 00000 0 000
00010 00000 00000 00000 00000 00100 0 000
0
00000 00000 11000 01000 00000 00000 0 000
10000 00000 00000 00000 00000 00100 0 000
0
00000 00000 10000 01000 00000 00000 0 000
00000 00000 01000 00100 00000 00000 0 000
10000 00000 00000 00000 00000 00100 0 000
0
00000 00000 10000 01000 00000 00000 0 000
00000 00000 01000 00010 00000 00000 0 000
10000 00000 00000 00000 00000 00100 0 000
0
00000 00000 10000 01000 00000 00000 0 000
00000 00000 01000 00001 00000 00000 0 000
10000 00000 00000 00000 00000 00100 0 000
0
00000 00000 10000 00100 00000 00000 0 000
00000 00000 01000 01000 00000 00000 0 000
01000 00000 00000 00000 00000 00100 0 000
0
00000 00000 11000 00100 00000 00000 0 000
01000 00000 00000 00000 00000 00100 0 000
0
00000 00000 10000 00100 00000 00000 0 000
00000 00000 01000 00010 00000 00000 0 000
01000 00000 00000 00000 00000 00100 0 000
0
00000 00000 10000 00100 00000 00000 0 000
00000 00000 01000 00001 00000 00000 0 000
01000 00000 00000 00000 00000 00100 0 000
0
00000 00000 10000 00010 00000 00000 0 000
00000 00000 01000 01000 00000 00000 0 000
00100 00000 00000 00000 00000 00100 0 000
0
00000 00000 10000 00010 00000 00000 0 000
00000 00000 01000 00100 00000 00000 0 000
00100 00000 00000 00000 00000 00100 0 000
0
00000 00000 11000 00010 00000 00000 0 000
00100 00000 00000 00000 00000 00100 0 000
0
00000 00000 10000 00010 00000 00000 0 000
00000 00000 01000 00001 00000 00000 0 000
00100 00000 00000 00000 00000 00100 0 000
0
00000 00000 10000 00001 00000 00000 0 000
00000 00000 01000 01000 00000 00000 0 000
00010 00000 00000 00000 00000 00100 0 000
0
00000 00000 10000 00001 00000 00000 0 000
00000 00000 01000 00100 00000 00000 0 000
00010 00000 00000 00000 00000 00100 0 000
0
00000 00000 10000 00001 00000 00000 0 000
00000 00000 01000 00010 00000 00000 0 000
00010 00000 00000 00000 00000 00100 0 000
0
00000 00000 11000 00001 00000 00000 0 000
00010 00000 00000 00000 00000 00100 0 000
0
00000 00000 10000 01000 00000 00000 0 000
00000 00000 01000 00000 00001 00000 0 000
10000 00000 00000 00000 00000 00100 0 000
0
00000 00000 10000 00100 00000 00000 0 000
00000 00000 01000 00000 00001 00000 0 000
01000 00000 00000 00000 00000 00100 0 000
0
00000 00000 10000 00010 00000 00000 0 000
00000 00000 01000 00000 00001 00000 0 000
00100 00000 00000 00000 00000 00100 0 000
0
00000 00000 10000 00001 00000 00000 0 000
00000 00000 01000 00000 00001 00000 0 000
00010 00000 00000 00000 00000 00100 0 000
0
00000 00000 11000 01000 00000 00000 0 000
10000 00000 00000 00000 00000 00100 0 000
0
00000 00000 10000 01000 00000 00000 0 000
00000 00000 01000 00100 00000 00000 0 000
10000 00000 00000 00000 00000 00100 0 000
0
00000 00000 10000 01000 00000 00000 0 000
00000 00000 01000 00010 00000 00000 0 000
10000 00000 00000 00000 00000 00100 0 000
0
00000 00000 10000 01000 00000 00000 0 000
00000 00000 01000 00001 00000 00000 0 000
10000 00000 00000 00000 00000 00100 0 000
0
00000 00000 10000 00100 00000 00000 0 000
00000 00000 01000 01000 00000 00000 0 000
01000 00000 00000 00000 00000 00100 0 000
0
00000 00000 11000 00100 00000 00000 0 000
01000 00000 00000 00000 00000 00100 0 000
0
00000 00000 10000 00100 00000 00000 0 000
00000 00000 01000 00010 00000 00000 0 000
01000 00000 00000 00000 00000 00100 0 000
0
00000 00000 10000 00100 00000 00000 0 000
00000 00000 01000 00001 00000 00000 0 000
01000 00000 00000 00000 00000 00100 0 000
0
00000 00000 10000 00010 00000 00000 0 000
00000 00000 01000 01000 00000 00000 0 000
00100 00000 00000 00000 00000 00100 0 000
0
00000 00000 10000 00010 00000 00000 0 000
00000 00000 01000 00100 00000 00000 0 000
00100 00000 00000 00000 00000 00100 0 000
0
00000 00000 11000 00010 00000 00000 0 000
00100 00000 00000 00000 00000 00100 0 000
0
00000 00000 10000 00010 00000 00000 0 000
00000 00000 01000 00001 00000 00000 0 000
00100 00000 00000 00000 00000 00100 0 000
0
00000 00000 10000 00001 00000 00000 0 000
00000 00000 01000 01000 00000 00000 0 000
00010 00000 00000 00000 00000 00100 0 000
0
00000 00000 10000 00001 00000 00000 0 000
00000 00000 01000 00100 00000 00000 0 000
00010 00000 00000 00000 00000 00100 0 000
0
00000 00000 10000 00001 00000 00000 0 000
00000 00000 01000 00010 00000 00000 0 000
00010 00000 00000 00000 00000 00100 0 000
0
00000 00000 11000 00001 00000 00000 0 000
00010 00000 00000 00000 00000 00100 0 000
0
00000 00000 10000 01000 00000 00000 0 000
00000 00000 01000 00000 00001 00000 0 000
10000 00000 00000 00000 00000 00100 0 000
0
00000 00000 10000 00100 00000 00000 0 000
00000 00000 01000 00000 00001 00000 0 000
01000 00000 00000 00000 00000 00100 0 000
0
00000 00000 10000 00010 00000 00000 0 000
00000 00000 01000 00000 00001 00000 0 000
00100 00000 00000 00000 00000 00100 0 000
0
00000 00000 10000 00001 00000 00000 0 000
00000 00000 01000 00000 00001 00000 0 000
00010 00000 00000 00000 00000 00100 0 000
0
00000 00000 11000 01000 00000 00000 0 000
10000 00000 00000 00000 00000 00100 0 000
0
00000 00000 10000 01000 00000 00000 0 000
00000 00000 01000 00100 00000 00000 0 000
10000 00000 00000 00000 00000 00100 0 000
0
00000 00000 10000 01000 00000 00000 0 000
00000 00000 01000 00010 00000 00000 0 000
10000 00000 00000 00000 00000 00100 0 000
0
00000 00000 10000 01000 00000 00000 0 000
00000 00000 01000 00001 00000 00000 0 000
10000 00000 00000 00000 00000 00100 0 000
0
00000 00000 10000 00100 00000 00000 0 000
00000 00000 01000 01000 00000 00000 0 000
01000 00000 00000 00000 00000 00100 0 000
0
00000 00000 11000 00100 00000 00000 0 000
01000 00000 00000 00000 00000 00100 0 000
0
00000 00000 10000 00100 00000 00000 0 000
00000 00000 01000 00010 00000 00000 0 000
01000 00000 00000 00000 00000 00100 0 000
0
00000 00000 10000 00100 00000 00000 0 000
00000 00000 01000 00001 00000 00000 0 000
01000 00000 00000 00000 00000 00100 0 000
0
00000 00000 10000 00010 00000 00000 0 000
00000 00000 01000 01000 00000 00000 0 000
00100 00000 00000 00000 00000 00100 0 000
0
00000 00000 10000 00010 00000 00000 0 000
00000 00000 01000 00100 00000 00000 0 000
00100 00000 00000 00000 00000 00100 0 000
0
00000 00000 11000 00010 00000 00000 0 000
00100 00000 00000 00000 00000 00100 0 000
0
00000 00000 10000 00010 00000 00000 0 000
00000 00000 01000 00001 00000 00000 0 000
00100 00000 00000 00000 00000 00100 0 000
0
00000 00000 10000 00001 00000 00000 0 000
00000 00000 01000 01000 00000 00000 0 000
00010 00000 00000 00000 00000 00100 0 000
0
00000 00000 10000 00001 00000 00000 0 000
00000 00000 01000 00100 00000 00000 0 000
00010 00000 00000 00000 00000 00100 0 000
0
00000 00000 10000 00001 00000 00000 0 000
00000 00000 01000 00010 00000 00000 0 000
00010 00000 00000 00000 00000 00100 0 000
0
00000 00000 11000 00001 00000 00000 0 000
00010 00000 00000 00000 00000 00100 0 000
0
00000 00000 10000 01000 00000 00000 0 000
00000 00000 01000 00000 00001 00000 0 000
10000 00000 00000 00000 00000 00100 0 000
0
00000 00000 10000 00100 00000 00000 0 000
00000 00000 01000 00000 00001 00000 0 000
01000 00000 00000 00000 00000 00100 0 000
0
00000 00000 10000 00010 00000 00000 0 000
00000 00000 01000 00000 00001 00000 0 000
00100 00000 00000 00000 00000 00100 0 000
0
00000 00000 10000 00001 00000 00000 0 000
00000 00000 01000 00000 00001 00000 0 000
00010 00000 00000 00000 00000 00100 0 000
0
00000 00000 11000 01000 00000 00000 0 000
10000 00000 00000 00000 00000 00100 0 000
0
00000 00000 10000 01000 00000 00000 0 000
00000 00000 01000 00100 00000 00000 0 000
10000 00000 00000 00000 00000 00100 0 000
0
00000 00000 10000 01000 00000 00000 0 000
00000 00000 01000 00010 00000 00000 0 000
10000 00000 00000 00000 00000 00100 0 000
0
00000 00000 10000 01000 00000 00000 0 000
00000 00000 01000 00001 00000 00000 0 000
10000 00000 00000 00000 00000 00100 0 000
0
00000 00000 10000 00100 00000 00000 0 000
00000 00000 01000 01000 00000 00000 0 000
01000 00000 00000 00000 00000 00100 0 000
0
00000 00000 11000 00100 00000 00000 0 000
01000 00000 00000 00000 00000 00100 0 000
0
00000 00000 10000 00100 00000 00000 0 000
00000 00000 01000 00010 00000 00000 0 000
01000 00000 00000 00000 00000 00100 0 000
0
00000 00000 10000 00100 00000 00000 0 000
00000 00000 01000 00001 00000 00000 0 000
01000 00000 00000 00000 00000 00100 0 000
0
00000 00000 10000 00010 00000 00000 0 000
00000 00000 01000 01000 00000 00000 0 000
00100 00000 00000 00000 00000 00100 0 000
0
00000 00000 10000 00010 00000 00000 0 000
00000 00000 01000 00100 00000 00000 0 000
00100 00000 00000 00000 00000 00100 0 000
0
00000 00000 11000 00010 00000 00000 0 000
00100 00000 00000 00000 00000 00100 0 000
0
00000 00000 10000 00010 00000 00000 0 000
00000 00000 01000 00001 00000 00000 0 000
00100 00000 00000 00000 00000 00100 0 000
0
00000 00000 10000 00001 00000 00000 0 000
00000 00000 01000 01000 00000 00000 0 000
00010 00000 00000 00000 00000 00100 0 000
0
00000 00000 10000 00001 00000 00000 0 000
00000 00000 01000 00100 00000 00000 0 000
00010 00000 00000 00000 00000 00100 0 000
0
00000 00000 10000 00001 00000 00000 0 000
00000 00000 01000 00010 00000 00000 0 000
00010 00000 00000 00000 00000 00100 0 000
0
00000 00000 11000 00001 00000 00000 0 000
00010 00000 00000 00000 00000 00100 0 000
0
00000 00000 10000 01000 00000 00000 0 000
00000 00000 01000 00000 00001 00000 0 000
10000 00000 00000 00000 00000 00100 0 000
0
00000 00000 10000 00100 00000 00000 0 000
00000 00000 01000 00000 00001 00000 0 000
01000 00000 00000 00000 00000 00100 0 000
0
00000 00000 10000 00010 00000 00000 0 000
00000 00000 01000 00000 00001 00000 0 000
00100 00000 00000 00000 00000 00100 0 000
0
00000 00000 10000 00001 00000 00000 0 000
00000 00000 01000 00000 00001 00000 0 000
00010 00000 00000 00000 00000 00100 0 000
0
00000 00000 11000 01000 00000 00000 0 000
00000 00000 00000 00000 00000 00000 0 000
0
00000 00000 10000 01000 00000 00000 0 000
00000 00000 01000 00100 00000 00000 0 000
00000 00000 00000 00000 00000 00000 0 000
0
00000 00000 10000 01000 00000 00000 0 000
00000 00000 01000 00010 00000 00000 0 000
00000 00000 00000 00000 00000 00000 0 000
0
00000 00000 10000 01000 00000 00000 0 000
00000 00000 01000 00001 00000 00000 0 000
00000 00000 00000 00000 00000 00000 0 000
0
00000 00000 10000 00100 00000 00000 0 000
00000 00000 01000 01000 00000 00000 0 000
00000 00000 00000 00000 00000 00000 0 000
0
00000 00000 11000 00100 00000 00000 0 000
00000 00000 00000 00000 00000 00000 0 000
0
00000 00000 10000 00100 00000 00000 0 000
00000 00000 01000 00010 00000 00000 0 000
00000 00000 00000 00000 00000 00000 0 000
0
00000 00000 10000 00100 00000 00000 0 000
00000 00000 01000 00001 00000 00000 0 000
00000 00000 00000 00000 00000 00000 0 000
0
00000 00000 10000 00010 00000 00000 0 000
00000 00000 01000 01000 00000 00000 0 000
00000 00000 00000 00000 00000 00000 0 000
0
00000 00000 10000 00010 00000 00000 0 000
00000 00000 01000 00100 00000 00000 0 000
00000 00000 00000 00000 00000 00000 0 000
0
00000 00000 11000 00010 00000 00000 0 000
00000 00000 00000 00000 00000 00000 0 000
0
00000 00000 10000 00010 00000 00000 0 000
00000 00000 01000 00001 00000 00000 0 000
00000 00000 00000 00000 00000 00000 0 000
0
00000 00000 10000 00001 00000 00000 0 000
00000 00000 01000 01000 00000 00000 0 000
00000 00000 00000 00000 00000 00000 0 000
0
00000 00000 10000 00001 00000 00000 0 000
00000 00000 01000 00100 00000 00000 0 000
00000 00000 00000 00000 00000 00000 0 000
0
00000 00000 10000 00001 00000 00000 0 000
00000 00000 01000 00010 00000 00000 0 000
00000 00000 00000 00000 00000 00000 0 000
0
00000 00000 11000 00001 00000 00000 0 000
00000 00000 00000 00000 00000 00000 0 000
0
00000 00000 10000 01000 00000 00000 0 000
00000 00000 01000 00000 00001 00000 0 000
00000 00000 00000 00000 00000 00000 0 000
0
00000 00000 10000 00100 00000 00000 0 000
00000 00000 01000 00000 00001 00000 0 000
00000 00000 00000 00000 00000 00000 0 000
0
00000 00000 10000 00010 00000 00000 0 000
00000 00000 01000 00000 00001 00000 0 000
00000 00000 00000 00000 00000 00000 0 000
0
00000 00000 10000 00001 00000 00000 0 000
00000 00000 01000 00000 00001 00000 0 000
00000 00000 00000 00000 00000 00000 0 000
0
00001 00000 00000 00000 00000 10000 0 000
0
00001 00000 00000 00000 00000 10000 0 000
0
00001 00000 00000 00000 00000 10000 0 000
0
00001 00000 00000 00000 00000 10000 0 000
0
00001 00000 00000 00000 00000 10000 0 000
0
00001 00000 00000 00000 00000 10000 0 000
0
00001 00000 00000 00000 00000 10000 0 000
0