0000000000000101
0000000000000111
0000000000001001
0000000000001011
0000000000001101
0000000000001111
0000000000010001
0000000000010011
0000000000010101
0000000000010111
0000000000011001
0000000000011011
0000000000011101
0000000000011111
0000000000100001
0000000000100011
0000000000100101
0000000000100111
0000000000101001
0000000000101011
0000000000101101
0000000000110001
0000000000110101
0000000000111001
0000000000111101
0000000001000001
0000000001000101
0000000001001001
0000000001001101
0000000001010001
0000000001010101
0000000001011001
0000000001011101
0000000001100001
0000000001100101
0000000001101001
0000000001101101
0000000001110001
0000000001110101
0000000001111001
0000000001111101
0000000010000001
0000000010000101
0000000010001001
0000000010001101
0000000010010001
0000000010010110
0000000010011011
0000000010100000
0000000010100101
0000000010101010
0000000010101111
0000000010110100
0000000010111001
0000000010111110
0000000011000011
0000000011001000
0000000011001101
0000000011010010
0000000011010111
0000000011011100
0000000011100001
0000000011100110
0000000011101011
0000000011110000
0000000011110101
0000000011111000
0000000011111100
0000000100000000
0000000100000100
0000000100001000
0000000100001011
0000000100001111
0000000100010011
0000000100010111
0000000100011011
0000000100011110
0000000100100010
0000000100100110
0000000100101010
0000000100101110
0000000100110001
0000000100110101
0000000100111001
0000000100111101
0000000101000001
0000000101000100
0000000101001000
0000000101001100
0000000101010000
0000000101010100
0000000101010111
0000000101011011
0000000101011111
0000000101100011
0000000101100111
0000000101101010
0000000101101110
0000000101110010
0000000101110110
0000000101111010
0000000101111101
0000000110000001
0000000110000101
0000000110001001
0000000110001101
0000000110010000
0000000110010100
0000000110011000
0000000110011100
0000000110100000
0000000110100011
0000000110100111
0000000110101011
0000000110101111
0000000110110011
0000000110110110
0000000110111010
0000000110111110
0000000111000010
0000000111000110
0000000111001001
0000000111001101
0000000111010001
0000000111010101
0000000111011001
0000000111011100
0000000111100000
0000000111100100
0000000111101000
0000000111101100
0000000111101111
0000000111110011
0000000111110111
0000000111111011
0000000111111111
0000001000000010
0000001000000110
0000001000001010
0000001000001110
0000001000010010
0000001000010101
0000001000011001
0000001000011101
0000001000100001
0000001000100101
0000001000101000
0000001000101100
0000001000110000
0000001000110100
0000001000111000
0000001000111011
0000001000111111
0000001001000011
0000001001000111
0000001001001011
0000001001001110
0000001001010010
0000001001010110
0000001001011010
0000001001011110
0000001001100001
0000001001100101
0000001001101001
0000001001101101
0000001001110001
0000001001110100
0000001001111000
0000001001111100
0000001010000000
0000001010000100
0000001010000111
0000001010001011
0000001010001111
0000001010010011
0000001010010111
0000001010011010
0000001010011110
0000001010100010
0000001010100110
0000001010101010
0000001010101101
0000001010110001
0000001010110101
0000001010111001
0000001010111101
0000001010111111
0000001011000001
0000001011000011
0000001011000101
0000001011000111
0000001011001001